{
 "cells": [
  {
   "cell_type": "code",
   "execution_count": 46,
   "metadata": {},
   "outputs": [],
   "source": [
    "#Construct a surface of quadrupole and hexapole electric field\n",
    "# reference: http://www.massspecpro.com/technology/ion-optics/multipole-ion-guide\n",
    "import numpy as np\n",
    "x = np.linspace(-5,5,25)\n",
    "Xv, Yv = np.meshgrid(x,x)\n",
    "Z_quad = (Xv**2+Yv**2)/2**2 #equation of the field\n",
    "Z_hex = (Xv**3-3*Xv*Yv**2)/2**3 #equation of the field"
   ]
  },
  {
   "cell_type": "code",
   "execution_count": 44,
   "metadata": {},
   "outputs": [
    {
     "data": {
      "text/html": [
       "<script>requirejs.config({paths: { 'plotly': ['https://cdn.plot.ly/plotly-latest.min']},});if(!window.Plotly) {{require(['plotly'],function(plotly) {window.Plotly=plotly;});}}</script>"
      ],
      "text/vnd.plotly.v1+html": [
       "<script>requirejs.config({paths: { 'plotly': ['https://cdn.plot.ly/plotly-latest.min']},});if(!window.Plotly) {{require(['plotly'],function(plotly) {window.Plotly=plotly;});}}</script>"
      ]
     },
     "metadata": {},
     "output_type": "display_data"
    },
    {
     "data": {
      "application/vnd.plotly.v1+json": {
       "data": [
        {
         "type": "surface",
         "z": [
          [
           12.5,
           11.50173611111111,
           10.590277777777779,
           9.765625,
           9.027777777777777,
           8.37673611111111,
           7.8125,
           7.335069444444445,
           6.944444444444445,
           6.640625,
           6.423611111111111,
           6.293402777777778,
           6.25,
           6.293402777777778,
           6.423611111111112,
           6.640625,
           6.944444444444445,
           7.335069444444445,
           7.8125,
           8.37673611111111,
           9.027777777777779,
           9.765625,
           10.59027777777778,
           11.501736111111112,
           12.5
          ],
          [
           11.50173611111111,
           10.503472222222221,
           9.59201388888889,
           8.76736111111111,
           8.029513888888888,
           7.378472222222221,
           6.814236111111111,
           6.336805555555555,
           5.946180555555555,
           5.642361111111111,
           5.425347222222221,
           5.295138888888888,
           5.251736111111111,
           5.295138888888888,
           5.425347222222222,
           5.642361111111111,
           5.946180555555555,
           6.336805555555555,
           6.814236111111111,
           7.378472222222222,
           8.02951388888889,
           8.76736111111111,
           9.592013888888891,
           10.503472222222223,
           11.50173611111111
          ],
          [
           10.590277777777779,
           9.59201388888889,
           8.680555555555557,
           7.855902777777779,
           7.118055555555555,
           6.467013888888889,
           5.902777777777779,
           5.425347222222223,
           5.034722222222223,
           4.730902777777779,
           4.513888888888889,
           4.383680555555556,
           4.340277777777779,
           4.383680555555556,
           4.51388888888889,
           4.730902777777779,
           5.034722222222223,
           5.425347222222223,
           5.902777777777779,
           6.46701388888889,
           7.118055555555557,
           7.855902777777779,
           8.680555555555559,
           9.592013888888891,
           10.590277777777779
          ],
          [
           9.765625,
           8.76736111111111,
           7.855902777777779,
           7.03125,
           6.293402777777777,
           5.642361111111111,
           5.078125,
           4.600694444444445,
           4.210069444444445,
           3.90625,
           3.689236111111111,
           3.5590277777777777,
           3.515625,
           3.5590277777777777,
           3.689236111111111,
           3.90625,
           4.210069444444445,
           4.600694444444445,
           5.078125,
           5.642361111111112,
           6.293402777777779,
           7.03125,
           7.85590277777778,
           8.767361111111112,
           9.765625
          ],
          [
           9.027777777777777,
           8.029513888888888,
           7.118055555555555,
           6.293402777777777,
           5.5555555555555545,
           4.9045138888888875,
           4.340277777777777,
           3.8628472222222214,
           3.4722222222222214,
           3.1684027777777772,
           2.9513888888888884,
           2.821180555555555,
           2.7777777777777772,
           2.821180555555555,
           2.9513888888888884,
           3.1684027777777772,
           3.472222222222222,
           3.8628472222222223,
           4.340277777777777,
           4.904513888888889,
           5.555555555555555,
           6.293402777777777,
           7.118055555555557,
           8.02951388888889,
           9.027777777777777
          ],
          [
           8.37673611111111,
           7.378472222222221,
           6.467013888888889,
           5.642361111111111,
           4.9045138888888875,
           4.253472222222221,
           3.6892361111111107,
           3.211805555555555,
           2.821180555555555,
           2.5173611111111107,
           2.300347222222222,
           2.1701388888888884,
           2.1267361111111107,
           2.1701388888888884,
           2.300347222222222,
           2.5173611111111107,
           2.8211805555555554,
           3.211805555555556,
           3.6892361111111107,
           4.253472222222222,
           4.904513888888889,
           5.642361111111111,
           6.467013888888891,
           7.378472222222223,
           8.37673611111111
          ],
          [
           7.8125,
           6.814236111111111,
           5.902777777777779,
           5.078125,
           4.340277777777777,
           3.6892361111111107,
           3.125,
           2.647569444444444,
           2.256944444444444,
           1.953125,
           1.736111111111111,
           1.6059027777777777,
           1.5625,
           1.605902777777778,
           1.7361111111111114,
           1.953125,
           2.2569444444444446,
           2.647569444444445,
           3.125,
           3.6892361111111116,
           4.340277777777779,
           5.078125,
           5.90277777777778,
           6.8142361111111125,
           7.8125
          ],
          [
           7.335069444444445,
           6.336805555555555,
           5.425347222222223,
           4.600694444444445,
           3.8628472222222214,
           3.211805555555555,
           2.647569444444444,
           2.1701388888888884,
           1.7795138888888884,
           1.4756944444444442,
           1.2586805555555551,
           1.1284722222222219,
           1.0850694444444442,
           1.128472222222222,
           1.2586805555555556,
           1.4756944444444442,
           1.7795138888888888,
           2.1701388888888893,
           2.647569444444444,
           3.211805555555556,
           3.8628472222222228,
           4.600694444444445,
           5.425347222222225,
           6.336805555555557,
           7.335069444444445
          ],
          [
           6.944444444444445,
           5.946180555555555,
           5.034722222222223,
           4.210069444444445,
           3.4722222222222214,
           2.821180555555555,
           2.256944444444444,
           1.7795138888888884,
           1.3888888888888886,
           1.0850694444444442,
           0.8680555555555554,
           0.737847222222222,
           0.6944444444444443,
           0.7378472222222221,
           0.8680555555555557,
           1.0850694444444442,
           1.3888888888888888,
           1.7795138888888893,
           2.256944444444444,
           2.821180555555556,
           3.4722222222222228,
           4.210069444444445,
           5.034722222222225,
           5.946180555555557,
           6.944444444444445
          ],
          [
           6.640625,
           5.642361111111111,
           4.730902777777779,
           3.90625,
           3.1684027777777772,
           2.5173611111111107,
           1.953125,
           1.4756944444444442,
           1.0850694444444442,
           0.78125,
           0.5642361111111109,
           0.4340277777777777,
           0.390625,
           0.43402777777777785,
           0.5642361111111114,
           0.78125,
           1.0850694444444446,
           1.475694444444445,
           1.953125,
           2.5173611111111116,
           3.1684027777777786,
           3.90625,
           4.73090277777778,
           5.6423611111111125,
           6.640625
          ],
          [
           6.423611111111111,
           5.425347222222221,
           4.513888888888889,
           3.689236111111111,
           2.9513888888888884,
           2.300347222222222,
           1.736111111111111,
           1.2586805555555551,
           0.8680555555555554,
           0.5642361111111109,
           0.347222222222222,
           0.21701388888888865,
           0.173611111111111,
           0.21701388888888884,
           0.3472222222222223,
           0.5642361111111109,
           0.8680555555555556,
           1.258680555555556,
           1.736111111111111,
           2.3003472222222228,
           2.9513888888888897,
           3.689236111111111,
           4.513888888888891,
           5.425347222222223,
           6.423611111111111
          ],
          [
           6.293402777777778,
           5.295138888888888,
           4.383680555555556,
           3.5590277777777777,
           2.821180555555555,
           2.1701388888888884,
           1.6059027777777777,
           1.1284722222222219,
           0.737847222222222,
           0.4340277777777777,
           0.21701388888888865,
           0.0868055555555553,
           0.04340277777777765,
           0.0868055555555555,
           0.217013888888889,
           0.4340277777777777,
           0.7378472222222223,
           1.1284722222222228,
           1.6059027777777777,
           2.1701388888888893,
           2.8211805555555562,
           3.5590277777777777,
           4.383680555555558,
           5.29513888888889,
           6.293402777777778
          ],
          [
           6.25,
           5.251736111111111,
           4.340277777777779,
           3.515625,
           2.7777777777777772,
           2.1267361111111107,
           1.5625,
           1.0850694444444442,
           0.6944444444444443,
           0.390625,
           0.173611111111111,
           0.04340277777777765,
           0,
           0.04340277777777784,
           0.17361111111111135,
           0.390625,
           0.6944444444444446,
           1.085069444444445,
           1.5625,
           2.1267361111111116,
           2.7777777777777786,
           3.515625,
           4.34027777777778,
           5.2517361111111125,
           6.25
          ],
          [
           6.293402777777778,
           5.295138888888888,
           4.383680555555556,
           3.5590277777777777,
           2.821180555555555,
           2.1701388888888884,
           1.605902777777778,
           1.128472222222222,
           0.7378472222222221,
           0.43402777777777785,
           0.21701388888888884,
           0.0868055555555555,
           0.04340277777777784,
           0.08680555555555568,
           0.2170138888888892,
           0.43402777777777785,
           0.7378472222222224,
           1.128472222222223,
           1.605902777777778,
           2.1701388888888893,
           2.8211805555555562,
           3.5590277777777777,
           4.383680555555558,
           5.29513888888889,
           6.293402777777778
          ],
          [
           6.423611111111112,
           5.425347222222222,
           4.51388888888889,
           3.689236111111111,
           2.9513888888888884,
           2.300347222222222,
           1.7361111111111114,
           1.2586805555555556,
           0.8680555555555557,
           0.5642361111111114,
           0.3472222222222223,
           0.217013888888889,
           0.17361111111111135,
           0.2170138888888892,
           0.3472222222222227,
           0.5642361111111114,
           0.868055555555556,
           1.2586805555555565,
           1.7361111111111114,
           2.3003472222222228,
           2.9513888888888897,
           3.689236111111111,
           4.513888888888892,
           5.425347222222224,
           6.423611111111112
          ],
          [
           6.640625,
           5.642361111111111,
           4.730902777777779,
           3.90625,
           3.1684027777777772,
           2.5173611111111107,
           1.953125,
           1.4756944444444442,
           1.0850694444444442,
           0.78125,
           0.5642361111111109,
           0.4340277777777777,
           0.390625,
           0.43402777777777785,
           0.5642361111111114,
           0.78125,
           1.0850694444444446,
           1.475694444444445,
           1.953125,
           2.5173611111111116,
           3.1684027777777786,
           3.90625,
           4.73090277777778,
           5.6423611111111125,
           6.640625
          ],
          [
           6.944444444444445,
           5.946180555555555,
           5.034722222222223,
           4.210069444444445,
           3.472222222222222,
           2.8211805555555554,
           2.2569444444444446,
           1.7795138888888888,
           1.3888888888888888,
           1.0850694444444446,
           0.8680555555555556,
           0.7378472222222223,
           0.6944444444444446,
           0.7378472222222224,
           0.868055555555556,
           1.0850694444444446,
           1.3888888888888893,
           1.7795138888888897,
           2.2569444444444446,
           2.8211805555555562,
           3.472222222222223,
           4.210069444444445,
           5.034722222222225,
           5.946180555555557,
           6.944444444444445
          ],
          [
           7.335069444444445,
           6.336805555555555,
           5.425347222222223,
           4.600694444444445,
           3.8628472222222223,
           3.211805555555556,
           2.647569444444445,
           2.1701388888888893,
           1.7795138888888893,
           1.475694444444445,
           1.258680555555556,
           1.1284722222222228,
           1.085069444444445,
           1.128472222222223,
           1.2586805555555565,
           1.475694444444445,
           1.7795138888888897,
           2.17013888888889,
           2.647569444444445,
           3.2118055555555567,
           3.8628472222222237,
           4.600694444444445,
           5.425347222222225,
           6.336805555555557,
           7.335069444444445
          ],
          [
           7.8125,
           6.814236111111111,
           5.902777777777779,
           5.078125,
           4.340277777777777,
           3.6892361111111107,
           3.125,
           2.647569444444444,
           2.256944444444444,
           1.953125,
           1.736111111111111,
           1.6059027777777777,
           1.5625,
           1.605902777777778,
           1.7361111111111114,
           1.953125,
           2.2569444444444446,
           2.647569444444445,
           3.125,
           3.6892361111111116,
           4.340277777777779,
           5.078125,
           5.90277777777778,
           6.8142361111111125,
           7.8125
          ],
          [
           8.37673611111111,
           7.378472222222222,
           6.46701388888889,
           5.642361111111112,
           4.904513888888889,
           4.253472222222222,
           3.6892361111111116,
           3.211805555555556,
           2.821180555555556,
           2.5173611111111116,
           2.3003472222222228,
           2.1701388888888893,
           2.1267361111111116,
           2.1701388888888893,
           2.3003472222222228,
           2.5173611111111116,
           2.8211805555555562,
           3.2118055555555567,
           3.6892361111111116,
           4.253472222222223,
           4.90451388888889,
           5.642361111111112,
           6.467013888888892,
           7.378472222222224,
           8.37673611111111
          ],
          [
           9.027777777777779,
           8.02951388888889,
           7.118055555555557,
           6.293402777777779,
           5.555555555555555,
           4.904513888888889,
           4.340277777777779,
           3.8628472222222228,
           3.4722222222222228,
           3.1684027777777786,
           2.9513888888888897,
           2.8211805555555562,
           2.7777777777777786,
           2.8211805555555562,
           2.9513888888888897,
           3.1684027777777786,
           3.472222222222223,
           3.8628472222222237,
           4.340277777777779,
           4.90451388888889,
           5.555555555555557,
           6.293402777777779,
           7.118055555555559,
           8.029513888888891,
           9.027777777777779
          ],
          [
           9.765625,
           8.76736111111111,
           7.855902777777779,
           7.03125,
           6.293402777777777,
           5.642361111111111,
           5.078125,
           4.600694444444445,
           4.210069444444445,
           3.90625,
           3.689236111111111,
           3.5590277777777777,
           3.515625,
           3.5590277777777777,
           3.689236111111111,
           3.90625,
           4.210069444444445,
           4.600694444444445,
           5.078125,
           5.642361111111112,
           6.293402777777779,
           7.03125,
           7.85590277777778,
           8.767361111111112,
           9.765625
          ],
          [
           10.59027777777778,
           9.592013888888891,
           8.680555555555559,
           7.85590277777778,
           7.118055555555557,
           6.467013888888891,
           5.90277777777778,
           5.425347222222225,
           5.034722222222225,
           4.73090277777778,
           4.513888888888891,
           4.383680555555558,
           4.34027777777778,
           4.383680555555558,
           4.513888888888892,
           4.73090277777778,
           5.034722222222225,
           5.425347222222225,
           5.90277777777778,
           6.467013888888892,
           7.118055555555559,
           7.85590277777778,
           8.68055555555556,
           9.592013888888893,
           10.59027777777778
          ],
          [
           11.501736111111112,
           10.503472222222223,
           9.592013888888891,
           8.767361111111112,
           8.02951388888889,
           7.378472222222223,
           6.8142361111111125,
           6.336805555555557,
           5.946180555555557,
           5.6423611111111125,
           5.425347222222223,
           5.29513888888889,
           5.2517361111111125,
           5.29513888888889,
           5.425347222222224,
           5.6423611111111125,
           5.946180555555557,
           6.336805555555557,
           6.8142361111111125,
           7.378472222222224,
           8.029513888888891,
           8.767361111111112,
           9.592013888888893,
           10.503472222222225,
           11.501736111111112
          ],
          [
           12.5,
           11.50173611111111,
           10.590277777777779,
           9.765625,
           9.027777777777777,
           8.37673611111111,
           7.8125,
           7.335069444444445,
           6.944444444444445,
           6.640625,
           6.423611111111111,
           6.293402777777778,
           6.25,
           6.293402777777778,
           6.423611111111112,
           6.640625,
           6.944444444444445,
           7.335069444444445,
           7.8125,
           8.37673611111111,
           9.027777777777779,
           9.765625,
           10.59027777777778,
           11.501736111111112,
           12.5
          ]
         ]
        }
       ],
       "layout": {
        "autosize": true,
        "title": "Quadrupole potential"
       }
      },
      "text/html": [
       "<div id=\"c030b6e5-979e-4074-bb52-188734e56bfc\" style=\"height: 525px; width: 100%;\" class=\"plotly-graph-div\"></div><script type=\"text/javascript\">require([\"plotly\"], function(Plotly) { window.PLOTLYENV=window.PLOTLYENV || {};window.PLOTLYENV.BASE_URL=\"https://plot.ly\";Plotly.newPlot(\"c030b6e5-979e-4074-bb52-188734e56bfc\", [{\"z\": [[12.5, 11.50173611111111, 10.590277777777779, 9.765625, 9.027777777777777, 8.37673611111111, 7.8125, 7.335069444444445, 6.944444444444445, 6.640625, 6.423611111111111, 6.293402777777778, 6.25, 6.293402777777778, 6.423611111111112, 6.640625, 6.944444444444445, 7.335069444444445, 7.8125, 8.37673611111111, 9.027777777777779, 9.765625, 10.59027777777778, 11.501736111111112, 12.5], [11.50173611111111, 10.503472222222221, 9.59201388888889, 8.76736111111111, 8.029513888888888, 7.378472222222221, 6.814236111111111, 6.336805555555555, 5.946180555555555, 5.642361111111111, 5.425347222222221, 5.295138888888888, 5.251736111111111, 5.295138888888888, 5.425347222222222, 5.642361111111111, 5.946180555555555, 6.336805555555555, 6.814236111111111, 7.378472222222222, 8.02951388888889, 8.76736111111111, 9.592013888888891, 10.503472222222223, 11.50173611111111], [10.590277777777779, 9.59201388888889, 8.680555555555557, 7.855902777777779, 7.118055555555555, 6.467013888888889, 5.902777777777779, 5.425347222222223, 5.034722222222223, 4.730902777777779, 4.513888888888889, 4.383680555555556, 4.340277777777779, 4.383680555555556, 4.51388888888889, 4.730902777777779, 5.034722222222223, 5.425347222222223, 5.902777777777779, 6.46701388888889, 7.118055555555557, 7.855902777777779, 8.680555555555559, 9.592013888888891, 10.590277777777779], [9.765625, 8.76736111111111, 7.855902777777779, 7.03125, 6.293402777777777, 5.642361111111111, 5.078125, 4.600694444444445, 4.210069444444445, 3.90625, 3.689236111111111, 3.5590277777777777, 3.515625, 3.5590277777777777, 3.689236111111111, 3.90625, 4.210069444444445, 4.600694444444445, 5.078125, 5.642361111111112, 6.293402777777779, 7.03125, 7.85590277777778, 8.767361111111112, 9.765625], [9.027777777777777, 8.029513888888888, 7.118055555555555, 6.293402777777777, 5.5555555555555545, 4.9045138888888875, 4.340277777777777, 3.8628472222222214, 3.4722222222222214, 3.1684027777777772, 2.9513888888888884, 2.821180555555555, 2.7777777777777772, 2.821180555555555, 2.9513888888888884, 3.1684027777777772, 3.472222222222222, 3.8628472222222223, 4.340277777777777, 4.904513888888889, 5.555555555555555, 6.293402777777777, 7.118055555555557, 8.02951388888889, 9.027777777777777], [8.37673611111111, 7.378472222222221, 6.467013888888889, 5.642361111111111, 4.9045138888888875, 4.253472222222221, 3.6892361111111107, 3.211805555555555, 2.821180555555555, 2.5173611111111107, 2.300347222222222, 2.1701388888888884, 2.1267361111111107, 2.1701388888888884, 2.300347222222222, 2.5173611111111107, 2.8211805555555554, 3.211805555555556, 3.6892361111111107, 4.253472222222222, 4.904513888888889, 5.642361111111111, 6.467013888888891, 7.378472222222223, 8.37673611111111], [7.8125, 6.814236111111111, 5.902777777777779, 5.078125, 4.340277777777777, 3.6892361111111107, 3.125, 2.647569444444444, 2.256944444444444, 1.953125, 1.736111111111111, 1.6059027777777777, 1.5625, 1.605902777777778, 1.7361111111111114, 1.953125, 2.2569444444444446, 2.647569444444445, 3.125, 3.6892361111111116, 4.340277777777779, 5.078125, 5.90277777777778, 6.8142361111111125, 7.8125], [7.335069444444445, 6.336805555555555, 5.425347222222223, 4.600694444444445, 3.8628472222222214, 3.211805555555555, 2.647569444444444, 2.1701388888888884, 1.7795138888888884, 1.4756944444444442, 1.2586805555555551, 1.1284722222222219, 1.0850694444444442, 1.128472222222222, 1.2586805555555556, 1.4756944444444442, 1.7795138888888888, 2.1701388888888893, 2.647569444444444, 3.211805555555556, 3.8628472222222228, 4.600694444444445, 5.425347222222225, 6.336805555555557, 7.335069444444445], [6.944444444444445, 5.946180555555555, 5.034722222222223, 4.210069444444445, 3.4722222222222214, 2.821180555555555, 2.256944444444444, 1.7795138888888884, 1.3888888888888886, 1.0850694444444442, 0.8680555555555554, 0.737847222222222, 0.6944444444444443, 0.7378472222222221, 0.8680555555555557, 1.0850694444444442, 1.3888888888888888, 1.7795138888888893, 2.256944444444444, 2.821180555555556, 3.4722222222222228, 4.210069444444445, 5.034722222222225, 5.946180555555557, 6.944444444444445], [6.640625, 5.642361111111111, 4.730902777777779, 3.90625, 3.1684027777777772, 2.5173611111111107, 1.953125, 1.4756944444444442, 1.0850694444444442, 0.78125, 0.5642361111111109, 0.4340277777777777, 0.390625, 0.43402777777777785, 0.5642361111111114, 0.78125, 1.0850694444444446, 1.475694444444445, 1.953125, 2.5173611111111116, 3.1684027777777786, 3.90625, 4.73090277777778, 5.6423611111111125, 6.640625], [6.423611111111111, 5.425347222222221, 4.513888888888889, 3.689236111111111, 2.9513888888888884, 2.300347222222222, 1.736111111111111, 1.2586805555555551, 0.8680555555555554, 0.5642361111111109, 0.347222222222222, 0.21701388888888865, 0.173611111111111, 0.21701388888888884, 0.3472222222222223, 0.5642361111111109, 0.8680555555555556, 1.258680555555556, 1.736111111111111, 2.3003472222222228, 2.9513888888888897, 3.689236111111111, 4.513888888888891, 5.425347222222223, 6.423611111111111], [6.293402777777778, 5.295138888888888, 4.383680555555556, 3.5590277777777777, 2.821180555555555, 2.1701388888888884, 1.6059027777777777, 1.1284722222222219, 0.737847222222222, 0.4340277777777777, 0.21701388888888865, 0.0868055555555553, 0.04340277777777765, 0.0868055555555555, 0.217013888888889, 0.4340277777777777, 0.7378472222222223, 1.1284722222222228, 1.6059027777777777, 2.1701388888888893, 2.8211805555555562, 3.5590277777777777, 4.383680555555558, 5.29513888888889, 6.293402777777778], [6.25, 5.251736111111111, 4.340277777777779, 3.515625, 2.7777777777777772, 2.1267361111111107, 1.5625, 1.0850694444444442, 0.6944444444444443, 0.390625, 0.173611111111111, 0.04340277777777765, 0.0, 0.04340277777777784, 0.17361111111111135, 0.390625, 0.6944444444444446, 1.085069444444445, 1.5625, 2.1267361111111116, 2.7777777777777786, 3.515625, 4.34027777777778, 5.2517361111111125, 6.25], [6.293402777777778, 5.295138888888888, 4.383680555555556, 3.5590277777777777, 2.821180555555555, 2.1701388888888884, 1.605902777777778, 1.128472222222222, 0.7378472222222221, 0.43402777777777785, 0.21701388888888884, 0.0868055555555555, 0.04340277777777784, 0.08680555555555568, 0.2170138888888892, 0.43402777777777785, 0.7378472222222224, 1.128472222222223, 1.605902777777778, 2.1701388888888893, 2.8211805555555562, 3.5590277777777777, 4.383680555555558, 5.29513888888889, 6.293402777777778], [6.423611111111112, 5.425347222222222, 4.51388888888889, 3.689236111111111, 2.9513888888888884, 2.300347222222222, 1.7361111111111114, 1.2586805555555556, 0.8680555555555557, 0.5642361111111114, 0.3472222222222223, 0.217013888888889, 0.17361111111111135, 0.2170138888888892, 0.3472222222222227, 0.5642361111111114, 0.868055555555556, 1.2586805555555565, 1.7361111111111114, 2.3003472222222228, 2.9513888888888897, 3.689236111111111, 4.513888888888892, 5.425347222222224, 6.423611111111112], [6.640625, 5.642361111111111, 4.730902777777779, 3.90625, 3.1684027777777772, 2.5173611111111107, 1.953125, 1.4756944444444442, 1.0850694444444442, 0.78125, 0.5642361111111109, 0.4340277777777777, 0.390625, 0.43402777777777785, 0.5642361111111114, 0.78125, 1.0850694444444446, 1.475694444444445, 1.953125, 2.5173611111111116, 3.1684027777777786, 3.90625, 4.73090277777778, 5.6423611111111125, 6.640625], [6.944444444444445, 5.946180555555555, 5.034722222222223, 4.210069444444445, 3.472222222222222, 2.8211805555555554, 2.2569444444444446, 1.7795138888888888, 1.3888888888888888, 1.0850694444444446, 0.8680555555555556, 0.7378472222222223, 0.6944444444444446, 0.7378472222222224, 0.868055555555556, 1.0850694444444446, 1.3888888888888893, 1.7795138888888897, 2.2569444444444446, 2.8211805555555562, 3.472222222222223, 4.210069444444445, 5.034722222222225, 5.946180555555557, 6.944444444444445], [7.335069444444445, 6.336805555555555, 5.425347222222223, 4.600694444444445, 3.8628472222222223, 3.211805555555556, 2.647569444444445, 2.1701388888888893, 1.7795138888888893, 1.475694444444445, 1.258680555555556, 1.1284722222222228, 1.085069444444445, 1.128472222222223, 1.2586805555555565, 1.475694444444445, 1.7795138888888897, 2.17013888888889, 2.647569444444445, 3.2118055555555567, 3.8628472222222237, 4.600694444444445, 5.425347222222225, 6.336805555555557, 7.335069444444445], [7.8125, 6.814236111111111, 5.902777777777779, 5.078125, 4.340277777777777, 3.6892361111111107, 3.125, 2.647569444444444, 2.256944444444444, 1.953125, 1.736111111111111, 1.6059027777777777, 1.5625, 1.605902777777778, 1.7361111111111114, 1.953125, 2.2569444444444446, 2.647569444444445, 3.125, 3.6892361111111116, 4.340277777777779, 5.078125, 5.90277777777778, 6.8142361111111125, 7.8125], [8.37673611111111, 7.378472222222222, 6.46701388888889, 5.642361111111112, 4.904513888888889, 4.253472222222222, 3.6892361111111116, 3.211805555555556, 2.821180555555556, 2.5173611111111116, 2.3003472222222228, 2.1701388888888893, 2.1267361111111116, 2.1701388888888893, 2.3003472222222228, 2.5173611111111116, 2.8211805555555562, 3.2118055555555567, 3.6892361111111116, 4.253472222222223, 4.90451388888889, 5.642361111111112, 6.467013888888892, 7.378472222222224, 8.37673611111111], [9.027777777777779, 8.02951388888889, 7.118055555555557, 6.293402777777779, 5.555555555555555, 4.904513888888889, 4.340277777777779, 3.8628472222222228, 3.4722222222222228, 3.1684027777777786, 2.9513888888888897, 2.8211805555555562, 2.7777777777777786, 2.8211805555555562, 2.9513888888888897, 3.1684027777777786, 3.472222222222223, 3.8628472222222237, 4.340277777777779, 4.90451388888889, 5.555555555555557, 6.293402777777779, 7.118055555555559, 8.029513888888891, 9.027777777777779], [9.765625, 8.76736111111111, 7.855902777777779, 7.03125, 6.293402777777777, 5.642361111111111, 5.078125, 4.600694444444445, 4.210069444444445, 3.90625, 3.689236111111111, 3.5590277777777777, 3.515625, 3.5590277777777777, 3.689236111111111, 3.90625, 4.210069444444445, 4.600694444444445, 5.078125, 5.642361111111112, 6.293402777777779, 7.03125, 7.85590277777778, 8.767361111111112, 9.765625], [10.59027777777778, 9.592013888888891, 8.680555555555559, 7.85590277777778, 7.118055555555557, 6.467013888888891, 5.90277777777778, 5.425347222222225, 5.034722222222225, 4.73090277777778, 4.513888888888891, 4.383680555555558, 4.34027777777778, 4.383680555555558, 4.513888888888892, 4.73090277777778, 5.034722222222225, 5.425347222222225, 5.90277777777778, 6.467013888888892, 7.118055555555559, 7.85590277777778, 8.68055555555556, 9.592013888888893, 10.59027777777778], [11.501736111111112, 10.503472222222223, 9.592013888888891, 8.767361111111112, 8.02951388888889, 7.378472222222223, 6.8142361111111125, 6.336805555555557, 5.946180555555557, 5.6423611111111125, 5.425347222222223, 5.29513888888889, 5.2517361111111125, 5.29513888888889, 5.425347222222224, 5.6423611111111125, 5.946180555555557, 6.336805555555557, 6.8142361111111125, 7.378472222222224, 8.029513888888891, 8.767361111111112, 9.592013888888893, 10.503472222222225, 11.501736111111112], [12.5, 11.50173611111111, 10.590277777777779, 9.765625, 9.027777777777777, 8.37673611111111, 7.8125, 7.335069444444445, 6.944444444444445, 6.640625, 6.423611111111111, 6.293402777777778, 6.25, 6.293402777777778, 6.423611111111112, 6.640625, 6.944444444444445, 7.335069444444445, 7.8125, 8.37673611111111, 9.027777777777779, 9.765625, 10.59027777777778, 11.501736111111112, 12.5]], \"type\": \"surface\"}], {\"autosize\": true, \"title\": \"Quadrupole potential\"}, {\"linkText\": \"Export to plot.ly\", \"showLink\": true})});</script>"
      ],
      "text/vnd.plotly.v1+html": [
